88531.970978    3.1415926535896861
46622.037888    3.1415926535898064
31101.942062    3.1415926535897674
23370.027542    3.1415926535897936
18723.011017    3.1415926535897913
15765.905380    3.1415926535897913
13497.829437    3.1415926535897953
11832.952499    3.1415926535897847
10548.830032    3.1415926535897842
9505.987167     3.1415926535897798
8661.985397     3.1415926535897762
7936.000824     3.1415926535897825
7385.015488     3.1415926535897891
6922.960281     3.1415926535897887
6505.966187     3.1415926535897922
6135.225296     3.1415926535897953
5795.001984     3.1415926535897949
5495.071411     3.1415926535897967
5280.017853     3.1415926535897976
5020.141602     3.1415926535897993
4782.915115     3.1415926535898011
4585.027695     3.1415926535898002
4317.045212     3.1415926535897993
4253.864288     3.1415926535897984
4166.126251     3.1415926535897967
3942.966461     3.1415926535897940
3813.028336     3.1415926535897953
3683.090210     3.1415926535897962
3503.084183     3.1415926535897949
3583.908081     3.1415926535897976
3434.896469     3.1415926535897971
3482.103348     3.1415926535897976