97.990036       3.1415927369231267
1150.846481     3.1415927369231271
115.156174      3.1415927369231267
146.150589      3.1415927369231271
111.103058      3.1415927369231271
239.133835      3.1415927369231262
226.020813      3.1415927369231262
191.926956      3.1415927369231267
196.933746      3.1415927369231262
283.002853      3.1415927369231271
297.069550      3.1415927369231258
282.049179      3.1415927369231267
252.008438      3.1415927369231262
363.826752      3.1415927369231271
374.794006      3.1415927369231271
286.102295      3.1415927369231262
346.183777      3.1415927369231262
283.002853      3.1415927369231262
310.182571      3.1415927369231267
220.060349      3.1415927369231267
334.024429      3.1415927369231267
363.826752      3.1415927369231262
350.952148      3.1415927369231267
397.920609      3.1415927369231267
277.042389      3.1415927369231262
485.181808      3.1415927369231276
365.018845      3.1415927369231267
521.183014      3.1415927369231267
319.004059      3.1415927369231271
540.018082      3.1415927369231267
526.189804      3.1415927369231267
487.804413      3.1415927369231267