8981.943130     3.1415926535899033
4809.856415     3.1415926535898899
3232.002258     3.1415926535898766
2501.010895     3.1415926535898797
2038.002014     3.1415926535898842
1770.019531     3.1415926535898775
1581.907272     3.1415926535898770
1418.113708     3.1415926535898766
1224.040985     3.1415926535898757
1139.163971     3.1415926535898766
1112.937927     3.1415926535898748
984.907150      3.1415926535898744
1034.021378     3.1415926535898748
949.859619      3.1415926535898744
827.074051      3.1415926535898744
957.012177      3.1415926535898753
874.042511      3.1415926535898753
766.992569      3.1415926535898748
771.045685      3.1415926535898744
868.082047      3.1415926535898731
770.092010      3.1415926535898744
857.114792      3.1415926535898744
732.898712      3.1415926535898757
842.094421      3.1415926535898762
734.806061      3.1415926535898766
880.956650      3.1415926535898770
789.880753      3.1415926535898770
857.830048      3.1415926535898770
993.013382      3.1415926535898762
790.119171      3.1415926535898753
643.968582      3.1415926535898770
746.011734      3.1415926535898762