999.927521      3.1415926535981167
635.862350      3.1415926535981344
461.101532      3.1415926535981260
375.986099      3.1415926535981260
348.091125      3.1415926535981260
385.999680      3.1415926535981256
335.931778      3.1415926535981247
350.952148      3.1415926535981247
365.972519      3.1415926535981260
311.851501      3.1415926535981265
324.010849      3.1415926535981273
331.163406      3.1415926535981269
308.990479      3.1415926535981273
343.084335      3.1415926535981278
276.803970      3.1415926535981265
396.013260      3.1415926535981273
534.057617      3.1415926535981269
488.996506      3.1415926535981273
340.938568      3.1415926535981273
396.013260      3.1415926535981269
363.826752      3.1415926535981269
349.998474      3.1415926535981269
385.046005      3.1415926535981260
590.085983      3.1415926535981265
630.140305      3.1415926535981265
498.056412      3.1415926535981269
576.972961      3.1415926535981265
529.050827      3.1415926535981265
591.993332      3.1415926535981269
555.038452      3.1415926535981269
591.039658      3.1415926535981265
633.001328      3.1415926535981260