175.952911      3.1415926544231239
154.972076      3.1415926544231247
168.085098      3.1415926544231265
151.157379      3.1415926544231279
199.794769      3.1415926544231283
194.072723      3.1415926544231274
211.954117      3.1415926544231265
264.883041      3.1415926544231274
223.159790      3.1415926544231265
209.093094      3.1415926544231265
281.810760      3.1415926544231265
206.947327      3.1415926544231265
271.081924      3.1415926544231265
226.020813      3.1415926544231270
324.010849      3.1415926544231274
267.028809      3.1415926544231261
255.107880      3.1415926544231265
303.030014      3.1415926544231270
381.946564      3.1415926544231265
420.093536      3.1415926544231261
366.926193      3.1415926544231265
434.160233      3.1415926544231265
319.957733      3.1415926544231261
328.063965      3.1415926544231270
450.849533      3.1415926544231274
400.066376      3.1415926544231270
495.910645      3.1415926544231270
337.839127      3.1415926544231261
506.877899      3.1415926544231265
488.042831      3.1415926544231265
478.982925      3.1415926544231256
540.018082      3.1415926544231270