879456.996918   3.1415926535902168
464107.990265   3.1415926535896133
309717.893600   3.1415926535897389
231818.914413   3.1415926535897749
185545.921326   3.1415926535897514
154663.801193   3.1415926535897540
132557.153702   3.1415926535897496
116004.943848   3.1415926535897736
103116.035461   3.1415926535897980
93827.009201    3.1415926535898180
84507.942200    3.1415926535898144
77530.145645    3.1415926535898127
71495.056152    3.1415926535898113
66467.046738    3.1415926535898078
62010.049820    3.1415926535898087
58246.135712    3.1415926535897940
54917.097092    3.1415926535898056
51789.999008    3.1415926535898033
49147.129059    3.1415926535897971
46669.960022    3.1415926535897962
44677.019119    3.1415926535897976
42493.820190    3.1415926535897980
40796.995163    3.1415926535897976
39325.952530    3.1415926535897989
37585.973740    3.1415926535897998
36206.007004    3.1415926535897998
34699.916840    3.1415926535897962
33542.156219    3.1415926535897984
32547.950745    3.1415926535897949
31470.060349    3.1415926535897967
30442.953110    3.1415926535897896
29568.910599    3.1415926535897936